200,52
200,51
200,50
200,49
200,48
200,47
200,46
200,45
200,44
200,43
200,42
200,41
200,40
200,39
200,38
200,37
200,36
177,1
177,3
200,35
3,1
3,3
10,246
10,176
10,98
10,132
10,130
10,266
10,86
10,34
10,2
10,3
11,5
11,25
11,15
11,20
11,10
11,22
9,7
9,6
9,4
9,2
9,3
8,9
8,5
8,14
8,15
0,571
12,2
12,1
184,7
184,6
184,5
184,4
184,3
12,3
184,2
184,1
184,0
183,5
183,4
183,3
183,2
183,1
183,0
182,100
182,99
182,98
182,97
182,96
182,95
182,94
182,93
182,92
182,91
182,90
182,89
182,88
182,87
182,86
182,85
182,84
182,83
182,82
182,81
182,80
182,79
182,78
182,77
182,76
182,75
182,74
182,73
182,72
182,71
182,70
182,69
182,68
182,67
182,66
182,65
182,64
182,37
182,36
182,35
182,34
182,33
182,32
182,31
182,30
182,29
182,28
182,27
182,26
182,25
182,24
182,23
182,22
182,21
182,20
182,19
182,18
182,17
182,16
182,15
182,14
182,13
182,12
182,11
182,10
182,9
182,8
182,7
182,6
182,5
182,4
182,3
